/*********************************************
 * OPL 12.9.0.0 Data
 * Author: Administrator
 * Creation Date: 2021年8月26日 at 上午10:37:03
 *********************************************/
Ntotal_doctor = 20;
Nhigh_doctor = 10;
Nlow_doctor = 10;
Ntotal_patient = 530;

work_time = [360, 360, 360, 360, 360, 360, 360, 360, 360, 360,
 360, 360, 360, 360, 360, 360, 360, 360, 360, 360];

first_time =5;
second_time =5;

//each_doctor_patient = [36,36,36,36,36,36,36,36,36,36,
//18,18,18,18,18,18,18,18,18,18];
//each_doctor_patient =[36,18,36,18,36,18,36,18,36,18,
//18,18,18,18,18,18,18,18,18,18];

//each_doctor_patient = [36,36,36,36,36,36,36,36,36,36,
//18,24,18,24,18,24,18,24,18,24];

//each_doctor_patient =[36,30,36,28,36,26,36,24,36,22,
//18,24,18,24,18,24,18,24,18,24];

each_doctor_patient =[36,30,36,28,36,26,36,24,36,22,
18,30,18,28,18,26,18,24,18,22];

//each_doctor_patient =[36,30,36,28,36,26,36,24,36,22,
//18,18,18,18,18,18,18,18,18,18];
